Nodos:
x	y
0.000000	0.000000
1.000000	0.000000
1.000000	1.000000
0.000000	1.000000
0.090909	0.000000
0.181818	0.000000
0.272727	0.000000
0.363636	0.000000
0.454545	0.000000
0.545455	0.000000
0.636364	0.000000
0.727273	0.000000
0.818182	0.000000
0.909091	0.000000
1.000000	0.090909
1.000000	0.181818
1.000000	0.272727
1.000000	0.363636
1.000000	0.454545
1.000000	0.545455
1.000000	0.636364
1.000000	0.727273
1.000000	0.818182
1.000000	0.909091
0.909091	1.000000
0.818182	1.000000
0.727273	1.000000
0.636364	1.000000
0.545455	1.000000
0.454545	1.000000
0.363636	1.000000
0.272727	1.000000
0.181818	1.000000
0.090909	1.000000
0.000000	0.909091
0.000000	0.818182
0.000000	0.727273
0.000000	0.636364
0.000000	0.545455
0.000000	0.454545
0.000000	0.363636
0.000000	0.272727
0.000000	0.181818
0.000000	0.090909
0.078730	0.500000
0.921270	0.500000
0.488314	0.085097
0.490165	0.915125
0.317345	0.919223
0.078730	0.318182
0.921270	0.681818
0.678853	0.081422
0.921270	0.318182
0.317345	0.080777
0.686991	0.916901
0.078730	0.681818
0.855289	0.917664
0.076700	0.860120
0.076700	0.139880
0.869469	0.072575
0.078391	0.227859
0.157403	0.272825
0.157450	0.363653
0.236178	0.318201
0.236185	0.409097
0.314916	0.363641
0.314917	0.454547
0.393616	0.409146
0.393642	0.500009
0.472340	0.454611
0.472393	0.545428
0.551103	0.500006
0.551132	0.590866
0.551107	0.409091
0.393648	0.590909
0.629840	0.545448
0.629841	0.636356
0.394085	0.317890
0.550668	0.680819
0.705325	0.590907
0.708027	0.499999
0.701388	0.674340
0.236188	0.500001
0.236178	0.227292
0.787637	0.555242
0.784021	0.456176
0.707930	0.409363
0.783402	0.363953
0.707811	0.318280
0.783279	0.272796
0.709011	0.229449
0.629845	0.272998
0.783790	0.185295
0.632041	0.169444
0.551107	0.227273
0.866025	0.227273
0.866025	0.409091
0.078728	0.409094
0.157457	0.454550
0.157459	0.545455
0.236189	0.590909
0.157459	0.636364
0.236189	0.681818
0.157459	0.727273
0.236189	0.772727
0.315009	0.727273
0.315603	0.820470
0.393986	0.773308
0.236189	0.863636
0.399892	0.864576
0.477913	0.816224
0.558881	0.848890
0.472885	0.725807
0.393827	0.681632
0.923489	0.594753
0.839394	0.638406
0.844236	0.731457
0.921270	0.772727
0.845377	0.819565
0.763811	0.772727
0.768213	0.864024
0.691408	0.825444
0.778466	0.091830
0.157053	0.182521
0.235038	0.137369
0.315805	0.179235
0.398768	0.133979
0.396113	0.224482
0.474403	0.177874
0.147906	0.083888
0.590909	0.078730
0.626670	0.722404
0.315546	0.271790
0.472755	0.273381
0.629641	0.454591
0.629636	0.363751
0.157121	0.817596
0.148080	0.916272
0.078729	0.590909
0.078335	0.772044
0.314917	0.545457
0.314963	0.636333
0.472425	0.635910
0.551346	0.318265
0.472318	0.363878
0.924892	0.860506
0.923688	0.145743
0.550084	0.765366
0.591134	0.928114
0.547698	0.147484
0.716311	0.150849
0.771189	0.939718
0.229911	0.060547
0.228303	0.939291
0.409091	0.059324
0.409091	0.940676
0.844000	0.318259
0.941713	0.409091
0.942197	0.229149
0.842962	0.497805
0.763794	0.633786
0.844288	0.144543
0.622684	0.797122
0.630949	0.864673
0.933450	0.933450
0.066550	0.933450
0.066550	0.066550
0.935614	0.064983
0.698050	0.750061
0.773962	0.703149
0.860923	0.560463

Triangulación:
Elem	N1	N2	N3
1	48	110	111
2	52	94	131
3	127	47	129
4	119	57	121
5	47	127	155
6	110	48	156
7	5	6	130
8	33	34	138
9	94	52	151
10	121	57	152
11	93	123	162
12	48	111	112
13	121	55	122
14	125	54	126
15	107	49	109
16	138	34	166
17	5	130	167
18	123	60	162
19	126	54	127
20	49	107	110
21	131	94	150
22	96	147	159
23	57	119	146
24	147	96	162
25	53	97	157
26	97	53	158
27	96	53	157
28	53	96	159
29	46	97	158
30	97	46	160
31	85	116	161
32	107	108	110
33	128	78	133
34	123	93	151
35	116	85	171
36	110	108	111
37	129	95	134
38	128	129	134
39	126	127	128
40	126	128	133
41	78	128	134
42	128	127	129
43	114	106	142
44	111	108	113
45	55	121	152
46	54	125	153
47	109	49	154
48	79	113	143
49	144	74	145
50	113	114	143
51	75	114	142
52	108	106	114
53	129	47	150
54	134	144	145
55	113	108	114
56	58	137	138
57	137	58	140
58	104	137	140
59	56	104	140
60	56	102	104
61	102	56	139
62	100	102	139
63	45	100	139
64	63	65	99
65	45	99	100
66	65	83	99
67	98	63	99
68	40	41	98
69	45	40	98
70	45	98	99
71	46	20	115
72	20	21	115
73	43	59	61
74	10	11	131
75	61	59	124
76	22	23	118
77	84	62	124
78	13	60	123
79	99	83	100
80	47	10	131
81	41	50	98
82	62	61	124
83	21	51	115
84	84	124	125
85	115	51	116
86	117	119	120
87	50	42	61
88	50	61	62
89	120	119	121
90	31	32	49
91	84	125	126
92	84	126	133
93	41	42	50
94	11	52	131
95	19	20	46
96	117	118	119
97	43	44	59
98	50	62	63
99	124	59	130
100	50	63	98
101	63	62	64
102	52	12	123
103	100	101	102
104	100	83	101
105	21	22	51
106	13	14	60
107	64	84	133
108	125	124	130
109	116	51	117
110	29	30	48
111	39	40	45
112	63	64	65
113	11	12	52
114	42	43	61
115	64	62	84
116	65	67	83
117	25	26	57
118	73	76	77
119	120	121	122
120	12	13	123
121	51	22	118
122	9	10	47
123	71	72	73
124	65	64	66
125	77	82	132
126	73	72	76
127	90	93	96
128	35	36	58
129	65	66	67
130	67	66	68
131	67	68	69
132	85	81	86
133	69	70	71
134	69	68	70
135	71	70	72
136	73	77	79
137	81	76	135
138	76	72	135
139	79	77	132
140	86	88	97
141	68	66	78
142	66	64	133
143	78	66	133
144	102	103	104
145	80	81	85
146	77	80	82
147	72	74	135
148	72	70	74
149	86	81	87
150	102	101	103
151	94	92	95
152	86	87	88
153	77	76	80
154	80	76	81
155	69	71	75
156	117	51	118
157	87	81	135
158	104	105	137
159	91	92	94
160	88	89	90
161	107	106	108
162	91	89	92
163	88	87	89
164	90	91	93
165	17	18	53
166	135	74	136
167	90	89	91
168	105	103	106
169	104	103	105
170	105	106	107
171	7	8	54
172	92	89	136
173	87	135	136
174	105	107	109
175	89	87	136
176	105	109	137
177	137	109	138
178	27	28	55
179	101	83	141
180	37	38	56
181	83	67	141
182	39	45	139
183	58	36	140
184	36	37	140
185	38	39	139
186	69	75	141
187	37	56	140
188	56	38	139
189	67	69	141
190	106	103	142
191	141	75	142
192	101	141	142
193	103	101	142
194	114	75	143
195	73	79	143
196	75	71	143
197	134	95	144
198	78	134	145
199	95	92	144
200	68	78	145
201	74	70	145
202	136	74	144
203	71	73	143
204	92	136	144
205	70	68	145
206	112	111	148
207	48	112	149
208	119	118	146
209	23	24	146
210	122	55	164
211	111	113	148
212	79	132	148
213	29	48	149
214	55	28	149
215	127	54	155
216	49	110	156
217	118	23	146
218	91	94	151
219	15	16	147
220	57	26	152
221	27	55	152
222	7	54	153
223	49	32	154
224	9	47	155
225	31	49	156
226	54	8	155
227	48	30	156
228	19	46	158
229	90	96	157
230	97	88	157
231	86	97	160
232	53	18	158
233	17	53	159
234	80	85	161
235	52	123	151
236	113	79	148
237	94	95	150
238	58	138	166
239	44	1	167
240	1	5	167
241	130	59	167
242	3	25	165
243	4	35	166
244	24	3	165
245	34	4	166
246	46	115	171
247	116	117	170
248	28	29	149
249	14	2	168
250	2	15	168
251	47	131	150
252	147	16	159
253	163	132	169
254	122	163	169
255	95	129	150
256	130	6	153
257	33	138	154
258	93	91	151
259	160	46	171
260	161	116	170
261	26	27	152
262	6	7	153
263	32	33	154
264	125	130	153
265	138	109	154
266	8	9	155
267	30	31	156
268	88	90	157
269	18	19	158
270	16	17	159
271	85	86	160
272	82	80	161
273	96	93	162
274	55	149	164
275	146	24	165
276	148	132	163
277	60	14	168
278	59	44	167
279	25	57	165
280	35	58	166
281	169	82	170
282	132	82	169
283	120	122	169
284	120	169	170
285	115	116	171
286	117	120	170
287	60	147	162
288	57	146	165
289	112	148	163
290	149	112	164
291	147	60	168
292	15	147	168
293	163	122	164
294	112	163	164
295	85	160	171
296	82	161	170
