Nodos:
x	y	frontera
0.000000	0.000000	1
0.000000	0.333333	1
0.000000	0.666667	1
0.000000	1.000000	1
0.333333	0.000000	1
0.333333	0.333333	0
0.333333	0.666667	0
0.333333	1.000000	1
0.666667	0.000000	1
0.666667	0.333333	0
0.666667	0.666667	0
0.666667	1.000000	1
1.000000	0.000000	1
1.000000	0.333333	1
1.000000	0.666667	1
1.000000	1.000000	1
Triangulación:
N° Elem	N1	N2	N3
1	1	5	2
0.111111	2	5	6	2
0.111111	3	2	6	3
0.111111	4	6	7	3
0.111111	5	3	7	4
0.111111	6	7	8	4
0.111111	7	5	9	6
0.111111	8	9	10	6
0.111111	9	6	10	7
0.111111	10	10	11	7
0.111111	11	7	11	8
0.111111	12	11	12	8
0.111111	13	9	13	10
0.111111	14	13	14	10
0.111111	15	10	14	11
0.111111	16	14	15	11
0.111111	17	11	15	12
0.111111	18	15	16	12
0.111111	