Nodos:
x	y	frontera
0.000000	0.000000	1
0.000000	0.111111	1
0.000000	0.222222	1
0.000000	0.333333	1
0.000000	0.444444	1
0.000000	0.555556	1
0.000000	0.666667	1
0.000000	0.777778	1
0.000000	0.888889	1
0.000000	1.000000	1
0.111111	0.000000	1
0.111111	0.111111	0
0.111111	0.222222	0
0.111111	0.333333	0
0.111111	0.444444	0
0.111111	0.555556	0
0.111111	0.666667	0
0.111111	0.777778	0
0.111111	0.888889	0
0.111111	1.000000	1
0.222222	0.000000	1
0.222222	0.111111	0
0.222222	0.222222	0
0.222222	0.333333	0
0.222222	0.444444	0
0.222222	0.555556	0
0.222222	0.666667	0
0.222222	0.777778	0
0.222222	0.888889	0
0.222222	1.000000	1
0.333333	0.000000	1
0.333333	0.111111	0
0.333333	0.222222	0
0.333333	0.333333	0
0.333333	0.444444	0
0.333333	0.555556	0
0.333333	0.666667	0
0.333333	0.777778	0
0.333333	0.888889	0
0.333333	1.000000	1
0.444444	0.000000	1
0.444444	0.111111	0
0.444444	0.222222	0
0.444444	0.333333	0
0.444444	0.444444	0
0.444444	0.555556	0
0.444444	0.666667	0
0.444444	0.777778	0
0.444444	0.888889	0
0.444444	1.000000	1
0.555556	0.000000	1
0.555556	0.111111	0
0.555556	0.222222	0
0.555556	0.333333	0
0.555556	0.444444	0
0.555556	0.555556	0
0.555556	0.666667	0
0.555556	0.777778	0
0.555556	0.888889	0
0.555556	1.000000	1
0.666667	0.000000	1
0.666667	0.111111	0
0.666667	0.222222	0
0.666667	0.333333	0
0.666667	0.444444	0
0.666667	0.555556	0
0.666667	0.666667	0
0.666667	0.777778	0
0.666667	0.888889	0
0.666667	1.000000	1
0.777778	0.000000	1
0.777778	0.111111	0
0.777778	0.222222	0
0.777778	0.333333	0
0.777778	0.444444	0
0.777778	0.555556	0
0.777778	0.666667	0
0.777778	0.777778	0
0.777778	0.888889	0
0.777778	1.000000	1
0.888889	0.000000	1
0.888889	0.111111	0
0.888889	0.222222	0
0.888889	0.333333	0
0.888889	0.444444	0
0.888889	0.555556	0
0.888889	0.666667	0
0.888889	0.777778	0
0.888889	0.888889	0
0.888889	1.000000	1
1.000000	0.000000	1
1.000000	0.111111	1
1.000000	0.222222	1
1.000000	0.333333	1
1.000000	0.444444	1
1.000000	0.555556	1
1.000000	0.666667	1
1.000000	0.777778	1
1.000000	0.888889	1
1.000000	1.000000	1
Triangulación:
N° Elem	N1	N2	N3
1	1	11	2
2	11	12	2
3	2	12	3
4	12	13	3
5	3	13	4
6	13	14	4
7	4	14	5
8	14	15	5
9	5	15	6
10	15	16	6
11	6	16	7
12	16	17	7
13	7	17	8
14	17	18	8
15	8	18	9
16	18	19	9
17	9	19	10
18	19	20	10
19	11	21	12
20	21	22	12
21	12	22	13
22	22	23	13
23	13	23	14
24	23	24	14
25	14	24	15
26	24	25	15
27	15	25	16
28	25	26	16
29	16	26	17
30	26	27	17
31	17	27	18
32	27	28	18
33	18	28	19
34	28	29	19
35	19	29	20
36	29	30	20
37	21	31	22
38	31	32	22
39	22	32	23
40	32	33	23
41	23	33	24
42	33	34	24
43	24	34	25
44	34	35	25
45	25	35	26
46	35	36	26
47	26	36	27
48	36	37	27
49	27	37	28
50	37	38	28
51	28	38	29
52	38	39	29
53	29	39	30
54	39	40	30
55	31	41	32
56	41	42	32
57	32	42	33
58	42	43	33
59	33	43	34
60	43	44	34
61	34	44	35
62	44	45	35
63	35	45	36
64	45	46	36
65	36	46	37
66	46	47	37
67	37	47	38
68	47	48	38
69	38	48	39
70	48	49	39
71	39	49	40
72	49	50	40
73	41	51	42
74	51	52	42
75	42	52	43
76	52	53	43
77	43	53	44
78	53	54	44
79	44	54	45
80	54	55	45
81	45	55	46
82	55	56	46
83	46	56	47
84	56	57	47
85	47	57	48
86	57	58	48
87	48	58	49
88	58	59	49
89	49	59	50
90	59	60	50
91	51	61	52
92	61	62	52
93	52	62	53
94	62	63	53
95	53	63	54
96	63	64	54
97	54	64	55
98	64	65	55
99	55	65	56
100	65	66	56
101	56	66	57
102	66	67	57
103	57	67	58
104	67	68	58
105	58	68	59
106	68	69	59
107	59	69	60
108	69	70	60
109	61	71	62
110	71	72	62
111	62	72	63
112	72	73	63
113	63	73	64
114	73	74	64
115	64	74	65
116	74	75	65
117	65	75	66
118	75	76	66
119	66	76	67
120	76	77	67
121	67	77	68
122	77	78	68
123	68	78	69
124	78	79	69
125	69	79	70
126	79	80	70
127	71	81	72
128	81	82	72
129	72	82	73
130	82	83	73
131	73	83	74
132	83	84	74
133	74	84	75
134	84	85	75
135	75	85	76
136	85	86	76
137	76	86	77
138	86	87	77
139	77	87	78
140	87	88	78
141	78	88	79
142	88	89	79
143	79	89	80
144	89	90	80
145	81	91	82
146	91	92	82
147	82	92	83
148	92	93	83
149	83	93	84
150	93	94	84
151	84	94	85
152	94	95	85
153	85	95	86
154	95	96	86
155	86	96	87
156	96	97	87
157	87	97	88
158	97	98	88
159	88	98	89
160	98	99	89
161	89	99	90
162	99	100	90
