$MeshFormat
4.1 0 8
$EndMeshFormat
$Entities
4 4 1 0
1 0 0 0 0 
2 1 0 0 0 
3 1 1 0 0 
4 0 1 0 0 
1 -9.999999994736442e-08 -1e-07 -1e-07 1.0000001 1e-07 1e-07 0 2 1 -2 
2 0.9999999000000001 -9.999999994736442e-08 -1e-07 1.0000001 1.0000001 1e-07 0 2 2 -3 
3 -9.999999994736442e-08 0.9999999000000001 -1e-07 1.0000001 1.0000001 1e-07 0 2 3 -4 
4 -1e-07 -9.999999994736442e-08 -1e-07 1e-07 1.0000001 1e-07 0 2 4 -1 
1 -9.999999994736442e-08 -9.999999994736442e-08 -1e-07 1.0000001 1.0000001 1e-07 0 4 1 2 3 4 
$EndEntities
$Nodes
9 107 1 107
0 1 0 1
1
0 0 0
0 2 0 1
2
1 0 0
0 3 0 1
3
1 1 0
0 4 0 1
4
0 1 0
1 1 1 7
5
6
7
8
9
10
11
0.1249999999999998 0 0 0.1249999999999998
0.2499999999999998 0 0 0.2499999999999998
0.3749999999999994 0 0 0.3749999999999994
0.4999999999999988 0 0 0.4999999999999988
0.6249999999999988 0 0 0.6249999999999988
0.7499999999999991 0 0 0.7499999999999991
0.8749999999999994 0 0 0.8749999999999994
1 2 1 7
12
13
14
15
16
17
18
1 0.1249999999999998 0 0.1249999999999998
1 0.2499999999999998 0 0.2499999999999998
1 0.3749999999999994 0 0.3749999999999994
1 0.4999999999999988 0 0.4999999999999988
1 0.6249999999999988 0 0.6249999999999988
1 0.7499999999999991 0 0.7499999999999991
1 0.8749999999999994 0 0.8749999999999994
1 3 1 7
19
20
21
22
23
24
25
0.8750000000000001 1 0 0.1249999999999998
0.7500000000000002 1 0 0.2499999999999998
0.6250000000000007 1 0 0.3749999999999994
0.5000000000000011 1 0 0.4999999999999988
0.3750000000000012 1 0 0.6249999999999988
0.2500000000000009 1 0 0.7499999999999991
0.1250000000000006 1 0 0.8749999999999994
1 4 1 7
26
27
28
29
30
31
32
0 0.8750000000000001 0 0.1249999999999998
0 0.7500000000000002 0 0.2499999999999998
0 0.6250000000000007 0 0.3749999999999994
0 0.5000000000000011 0 0.4999999999999988
0 0.3750000000000012 0 0.6249999999999988
0 0.2500000000000009 0 0.7499999999999991
0 0.1250000000000006 0 0.8749999999999994
2 1 1 75
33
34
35
36
37
38
39
40
41
42
43
44
45
46
47
48
49
50
51
52
53
54
55
56
57
58
59
60
61
62
63
64
65
66
67
68
69
70
71
72
73
74
75
76
77
78
79
80
81
82
83
84
85
86
87
88
89
90
91
92
93
94
95
96
97
98
99
100
101
102
103
104
105
106
107
0.4902766519172077 0.506305454449622 0 -0.009723348082792266 0.006305454449622104
0.2916666666666666 0.7083333333333333 0 -0.2083333333333334 0.2083333333333332
0.3097221264731372 0.3092212818961156 0 -0.1902778735268628 -0.1907787181038843
0.7100885275836328 0.6876620993181943 0 0.2100885275836328 0.1876620993181944
0.708743178166755 0.2970090436859658 0 0.208743178166755 -0.2029909563140342
0.5086063964214548 0.7885262503802115 0 0.008606396421454799 0.2885262503802115
0.7899072579810905 0.4939647459865087 0 0.2899072579810905 -0.006035254013491289
0.496089709939976 0.213060777022019 0 -0.003910290060024 -0.286939222977981
0.2051579368837116 0.5029499583688751 0 -0.2948420631162884 0.002949958368875089
0.168067989836537 0.170096197719966 0 -0.331932010163463 -0.329903802280034
0.829903802280034 0.1680679898365369 0 0.329903802280034 -0.3319320101634631
0.8319320101634631 0.829903802280034 0 0.3319320101634631 0.329903802280034
0.170096197719966 0.8319320101634631 0 -0.329903802280034 0.331932010163463
0.5777816154760739 0.3511188065326156 0 0.07778161547607391 -0.1488811934673844
0.3827901791572951 0.4354904231474465 0 -0.117209820842705 -0.06450957685255347
0.5688505890789746 0.6524384488849311 0 0.06885058907897458 0.152438448884931
0.8426001729980956 0.3606122671274297 0 0.3426001729980956 -0.1393877328725703
0.360765460030166 0.1536710838181425 0 -0.139234539969834 -0.3463289161818575
0.6341335505224456 0.1522453348733717 0 0.1341335505224456 -0.3477546651266283
0.8314265756978589 0.6302577593937495 0 0.3314265756978589 0.1302577593937495
0.3707848238492434 0.8249079487120898 0 -0.1292151761507566 0.3249079487120898
0.15190247251835 0.3658247857744468 0 -0.34809752748165 -0.1341752142255532
0.6392345399698339 0.8463289161818573 0 0.139234539969834 0.3463289161818573
0.1579152715779278 0.6398203948243045 0 -0.3420847284220722 0.1398203948243046
0.3754760154525828 0.5797646446712377 0 -0.1245239845474172 0.07976464467123767
0.6263895314027051 0.4745728286612874 0 0.1263895314027052 -0.0254271713387126
0.4407284586098649 0.3284786536593309 0 -0.05927154139013509 -0.1715213463406691
0.4316202085383957 0.6922031159877167 0 -0.06837979146160431 0.1922031159877167
0.6840250351202981 0.5812776363862453 0 0.1840250351202982 0.08127763638624529
0.5347239991501248 0.1026637088538501 0 0.03472399915012479 -0.3973362911461499
0.9076663910675222 0.5367349666682084 0 0.4076663910675222 0.03673496666820841
0.09432862614021365 0.4633652704665583 0 -0.4056713738597864 -0.0366347295334417
0.4639877784619829 0.9060864641501924 0 -0.03601222153801711 0.4060864641501925
0.7211917340466891 0.4036696367622237 0 0.2211917340466892 -0.09633036323777629
0.2656155154365659 0.5978864509349727 0 -0.2343844845634341 0.09788645093497268
0.900005763127202 0.2652633613752672 0 0.4000057631272021 -0.2347366386247328
0.7347111064742766 0.9006272203244956 0 0.2347111064742767 0.4006272203244957
0.2652888935257233 0.09937277967550429 0 -0.2347111064742767 -0.4006272203244957
0.1000801443021352 0.7348087489500218 0 -0.3999198556978648 0.2348087489500218
0.2682242798960057 0.8960231873307303 0 -0.2317757201039943 0.3960231873307303
0.1012161485300364 0.2676337991728157 0 -0.3987838514699636 -0.2323662008271843
0.7323612408625286 0.1012569654770628 0 0.2323612408625287 -0.3987430345229372
0.899155330527255 0.728912905340437 0 0.399155330527255 0.228912905340437
0.6154522702557623 0.7469602917191238 0 0.1154522702557623 0.2469602917191238
0.6129875313860708 0.2518988105448733 0 0.1129875313860708 -0.2481011894551267
0.2602912374828985 0.4008614302671963 0 -0.2397087625171015 -0.09913856973280363
0.474336759761452 0.5992480699444971 0 -0.02566324023854802 0.0992480699444971
0.9137315920488508 0.441307309008761 0 0.4137315920488508 -0.05869269099123901
0.4413267834503149 0.08696588548327161 0 -0.05867321654968512 -0.4130341145167284
0.5589216045944037 0.9137875547795763 0 0.05892160459440362 0.4137875547795763
0.08732763782043673 0.55569024994367 0 -0.4126723621795633 0.05569024994367003
0.3848295699818355 0.2520185290470375 0 -0.1151704300181645 -0.2479814709529625
0.09711512445887432 0.09711512445887438 0 -0.4028848755411257 -0.4028848755411256
0.9028848755411256 0.09711512445887432 0 0.4028848755411256 -0.4028848755411257
0.09711512445887438 0.9028848755411256 0 -0.4028848755411256 0.4028848755411257
0.9028848755411256 0.9028848755411256 0 0.4028848755411257 0.4028848755411256
0.2813914045384107 0.2107790303378951 0 -0.2186085954615893 -0.2892209696621049
0.8001917213402965 0.2581254098816529 0 0.3001917213402965 -0.2418745901183471
0.20001051802746 0.7430440199776115 0 -0.29998948197254 0.2430440199776115
0.7219573445106506 0.7885313366588501 0 0.2219573445106506 0.2885313366588501
0.2978661768826107 0.5033905814779457 0 -0.2021338231173892 0.003390581477945665
0.7197094595562733 0.2010001036645222 0 0.2197094595562733 -0.2989998963354778
0.212098563229895 0.2874027541947393 0 -0.287901436770105 -0.2125972458052607
0.2601564972318683 0.8008480999034455 0 -0.2398435027681317 0.3008480999034456
0.7989119576965721 0.733053580598253 0 0.2989119576965721 0.233053580598253
0.5730428230992621 0.5559120542322477 0 0.07304282309926211 0.05591205423224761
0.4931575506308717 0.4099621043107508 0 -0.006842449369128246 -0.09003789568924918
0.1810944015642268 0.07331682037086895 0 -0.3189055984357732 -0.426683179629131
0.9265588881896725 0.1810892951341356 0 0.4265588881896724 -0.3189107048658644
0.07345829329619508 0.8189251269309221 0 -0.4265417067038049 0.3189251269309222
0.8189055984357732 0.926683179629131 0 0.3189055984357732 0.426683179629131
0.1820871204149694 0.9261680146070639 0 -0.3179128795850306 0.4261680146070639
0.9267944432463688 0.817340316632319 0 0.4267944432463688 0.317340316632319
0.07327985256508951 0.1819690242703315 0 -0.4267201474349105 -0.3180309757296685
0.8180299837367374 0.07328801595449475 0 0.3180299837367374 -0.4267119840455053
$EndNodes
$Elements
9 216 1 216
0 1 15 1
1 1 
0 2 15 1
2 2 
0 3 15 1
3 3 
0 4 15 1
4 4 
1 1 1 8
5 1 5 
6 5 6 
7 6 7 
8 7 8 
9 8 9 
10 9 10 
11 10 11 
12 11 2 
1 2 1 8
13 2 12 
14 12 13 
15 13 14 
16 14 15 
17 15 16 
18 16 17 
19 17 18 
20 18 3 
1 3 1 8
21 3 19 
22 19 20 
23 20 21 
24 21 22 
25 22 23 
26 23 24 
27 24 25 
28 25 4 
1 4 1 8
29 4 26 
30 26 27 
31 27 28 
32 28 29 
33 29 30 
34 30 31 
35 31 32 
36 32 1 
2 1 2 180
37 33 57 47 
38 38 60 48 
39 35 59 47 
40 53 60 38 
41 34 60 53 
42 52 61 39 
43 36 61 52 
44 37 66 46 
45 60 79 48 
46 52 97 36 
47 53 96 34 
48 23 72 53 
49 30 73 54 
50 16 75 52 
51 9 74 51 
52 55 69 21 
53 50 70 7 
54 49 68 14 
55 56 71 28 
56 33 99 58 
57 58 99 46 
58 46 66 58 
59 56 83 41 
60 50 81 40 
61 49 80 39 
62 55 82 38 
63 48 61 36 
64 51 62 9 
65 52 63 16 
66 53 65 23 
67 54 64 30 
68 35 84 59 
69 46 59 40 
70 17 75 16 
71 10 74 9 
72 24 72 23 
73 31 73 30 
74 7 70 6 
75 14 68 13 
76 21 69 20 
77 28 71 27 
78 57 93 47 
79 49 66 37 
80 39 66 49 
81 47 99 33 
82 14 80 49 
83 21 82 55 
84 28 83 56 
85 7 81 50 
86 36 76 48 
87 47 78 35 
88 46 77 37 
89 48 76 38 
90 40 77 46 
91 41 64 54 
92 38 65 53 
93 39 63 52 
94 40 62 51 
95 56 67 34 
96 41 67 56 
97 57 60 34 
98 34 91 56 
99 37 90 49 
100 40 84 50 
101 51 77 40 
102 38 76 55 
103 54 78 41 
104 39 80 63 
105 38 82 65 
106 40 81 62 
107 41 83 64 
108 33 79 57 
109 34 67 57 
110 76 92 55 
111 9 62 8 
112 16 63 15 
113 30 64 29 
114 23 65 22 
115 36 92 76 
116 39 61 58 
117 58 66 39 
118 58 98 33 
119 4 87 25 
120 1 85 32 
121 12 86 2 
122 3 88 18 
123 5 85 1 
124 2 86 11 
125 19 88 3 
126 26 87 4 
127 48 98 61 
128 84 89 50 
129 59 99 47 
130 35 89 84 
131 59 84 40 
132 61 98 58 
133 78 93 41 
134 57 79 60 
135 47 93 78 
136 77 94 37 
137 54 95 78 
138 78 95 35 
139 51 94 77 
140 15 80 14 
141 8 81 7 
142 22 82 21 
143 29 83 28 
144 46 99 59 
145 6 100 5 
146 13 101 12 
147 25 104 24 
148 32 106 31 
149 11 107 10 
150 18 105 17 
151 20 103 19 
152 27 102 26 
153 62 81 8 
154 63 80 15 
155 64 83 29 
156 65 82 22 
157 55 92 69 
158 50 89 70 
159 49 90 68 
160 56 91 71 
161 42 95 73 
162 43 94 74 
163 44 97 75 
164 45 96 72 
165 33 98 79 
166 79 98 48 
167 92 97 44 
168 91 96 45 
169 89 95 42 
170 90 94 43 
171 41 93 67 
172 67 93 57 
173 43 101 68 
174 42 100 70 
175 45 102 71 
176 44 103 69 
177 73 106 42 
178 74 107 43 
179 72 104 45 
180 75 105 44 
181 70 89 42 
182 71 91 45 
183 68 90 43 
184 69 92 44 
185 71 102 27 
186 17 105 75 
187 70 100 6 
188 69 103 20 
189 24 104 72 
190 68 101 13 
191 10 107 74 
192 31 106 73 
193 74 94 51 
194 73 95 54 
195 75 97 52 
196 72 96 53 
197 86 101 43 
198 87 102 45 
199 88 103 44 
200 85 100 42 
201 44 105 88 
202 45 104 87 
203 43 107 86 
204 42 106 85 
205 34 96 91 
206 36 97 92 
207 37 94 90 
208 35 95 89 
209 5 100 85 
210 26 102 87 
211 12 101 86 
212 19 103 88 
213 86 107 11 
214 85 106 32 
215 87 104 25 
216 88 105 18 
$EndElements
//+
Show "*";
